40
-31
26
52
57
-39
-10
-14
94
84
55
46
57
48
96
14
15
40
86
43
75
-52
51
50
-30
-45
53
-19
-58
-82
-84
-93
47
-7
21
90
-71
-1
-78
10
-46
22
43
8
-7
-44
65
77
-15
-88
54
-48
-52
-73
-95
-9
19
77
-19
1
9
-92
-57
76
67
47
99
-37
-73
-94
-15
-85
17
-24
-11
-47
6
-58
-44
-86
-10
76
97
-70
-36
64
60
19
-13
-71
-30
-47
-82
22
-100
-54
-22
67
41
46
-43
2
49
-21
28
38
36
73
39
52
86
-24
20
-34
-90
33
-88
-87
11
-98
88
-20
77
99
36
-68
98
96
-25
-58
76
40
2
11
58
89
-73
17
2
26
-72
88
81
35
-56
94
33
52
11
-33
-67
-35
-45
38
59
77
25
50
43
-4
41
41
-3
-4
77
-55
75
-91
8
-78
6
-5
11
86
75
100
-1
-59
55
43
-1
-55
-16
-93
-92
10
-16
64
52
81
-37
-23
75
-94
86
-12
-10
-15
59
99
-81
24
-57
-11
62
39
54
-30
64
59
-22
-16
96
-100
98
-4
-44
-11
-13
-34
62
-89
-43
28
59
-72
20
4
100
-14
9
-86
-17
57
23
75
-99
96
-54
-30
57
-86
100
93
3
80
-18
75
-91
-10
-68
-100
98
-8
-64
-93
-33
16
30
34
-82
-51
-30
-23
-50
-37
-99
-61
-23
-78
-6
-40
-57
-83
10
48
-89
-36
-76
80
47
46
-5
10
-46
8
-83
92
20
15
8
-15
-34
12
-49
7
44
23
43
-61
79
-58
-3
87
96
72
58
80
82
-11
97
-98
-8
50
87
-27
55
61
-77
42
-54
-91
20
62
15
-91
95
31
66
-97
-97
-11
22
86
-99
4
-52
8
15
-18
51
-63
-91
-70
19
6
94
16
26
79
53
84
-1
-99
94
69
23
36
-28
87
78
-74
-86
79
-14
8
-20
7
49
-18
-76
-54
-54
42
91
-91
-100
-11
-57
-92
-85
-22
-95
88
-50
-81
90
20
92
-67
82
12
-65
28
4
25
-77
-70
45
-90
-75
-13
68
-57
54
6
38
57
-89
84
68
-67
-7
-36
71
0
-80
-74
29
-34
18
60
15
16
1
12
-90
18
-63
-35
87
71
45
-68
83
29
11
62
-66
44
-18
-68
9
-92
-35
48
-81
72
58
-96
4
97
2
-22
-7
-35
73
-49
43
-59
-4
-80
19
46
98
97
-11
-39
-19
-58
89
-42
93
85
84
-15
-49
6
-50
53
-7
-62
60
-67
61
90
-31
-34
39
18
56
-41
-81
93
-52
-38
13
64
-90
-31
-41
59
-9
15
-85
-55
-96
18
-6
-93
-86
-34
-99
91
49
-43
-40
-14
85
-93
28
-78
22
64
-14
30
-61
-100
36
22
73
-12
-4
82
-7
35
48
-55
-82
16
86
52
73
32
3
-10
-42
-71
-57
91
-99
-73
79
-97
41
-63
-64
28
-72
-15
-94
-96
82
72
-65
27
71
-81
-3
-86
10
-85
-33
-31
-78
77
-50
91
-40
97
-28
-90
57
45
20
45
9
-8
-60
-44
-2
-81
-84
33
9
82
70
-100
-3
77
19
-62
33
-71
-20
87
61
10
82
65
87
-54
-33
-69
-87
96
-52
-64
-48
-10
-82
-22
79
-60
16
-9
99
34
60
-60
-94
-50
-7
-16
-22
-67
-22
27
-35
33
85
100
11
-24
-30
-48
52
85
20
14
34
34
48
-94
58
-59
-41
-8
14
90
89
-74
50
41
59
37
53
84
54
80
18
21
72
19
6
-81
67
3
71
-37
39
-86
-86
-54
7
-28
2
-13
26
-63
74
86
-88
-25
45
59
-51
71
18
33
0
69
-69
40
97
-88
62
-71
1
39
-26
57
22
-49
-49
74
-88
4
-67
-14
-65
-34
-43
17
-94
32
8
-4
74
47
70
96
86
-62
64
70
84
-26
-51
-5
10
-28
86
87
64
-83
-37
62
-76
72
47
45
38
-69
-3
-67
12
15
34
-36
4
-34
-45
54
69
-22
72
-16
-13
-19
91
38
-45
39
76
64
-20
-30
53
89
-32
47
-28
-98
-100
-75
-42
54
41
30
-42
-32
41
86
91
-56
-84
-69
-82
-15
-54
79
-26
43
81
-92
-10
100
-44
34
54
-59
62
45
96
58
94
-47
53
44
-80
-83
44
58
-78
22
98
-31
48
31
47
-52
-48
-32
43
-10
-28
29
-79
93
35
-42
-2
-93
77
-84
7
96
90
-67
-49
64
-21
-26
-35
-72
-65
17
20
-42
-89
-80
-49
25
87
5
90
-7
-99
6
-15
-35
-69
61
-92
62
19
36
82
-94
-86
-99
-20
15
-20
84
70
78
-98
15
-46
55
-92
64
82
15
-93
74
-80
-29
-73
-87
94
-17
48
87
32
18
-35
4
10
-1
36
14
-57
-91
40
37
-56
-97
35
-89
-9
-13
-48
30
-44
-32
80
-6
55
46
16
10
80
-99
-92
98
67
-6
-49
-49
13
-1
-96
55
-81
-5
20
73
75
-30
29
-83
36
-85
23
6
-69
-83
30
-36
39
72
50
64
84
-74
35
-58
-100
43
71
50
52
-16
-1
92
-18
-3
11
61
49
-93
20
-16
-84
-2
74
64
-22
2
66
49
64
88
12
42
49
-59
